1768517821855 0
1768517821855 0
1768517821855 0
1768517824855 0
1768517824855 0
1768517824856 0
1768517827855 0
1768517827855 0
1768517827855 0
1768517830855 0
1768517830855 0
1768517830855 0
1768517833855 0.001787780751829171
1768517833855 0.001787780751829171
1768517833855 0.001787780751829171
1768517833855 0.001787780751829171
1768517833855 0.001787780751829171
1768517833855 0.001787780751829171
1768517836856 0.003655226156248581
1768517836856 0.003655226156248581
1768517836856 0.003655226156248581
1768517836856 0.003655226156248581
1768517836856 0.003655226156248581
1768517836856 0.003655226156248581
1768517839855 0.0032306988349457555
1768517839855 0.0032306988349457555
1768517839855 0.0032306988349457555
1768517839855 0.0032306988349457555
1768517839855 0.0032306988349457555
1768517839855 0.0032306988349457555
1768517842855 0.0020734242088189525
1768517842855 0.0020734242088189525
1768517842855 0.0020734242088189525
1768517842855 0.0020734242088189525
1768517842855 0.0020734242088189525
1768517842855 0.0020734242088189525
1768517845856 0.0012107505867653412
1768517845856 0.0012107505867653412
1768517845856 0.0012107505867653412
1768517845856 0.0012107505867653412
1768517845856 0.0012107505867653412
1768517845856 0.0012107505867653412
1768517848858 0.001433900606717664
1768517848858 0.001433900606717664
1768517848858 0.001433900606717664
1768517848858 0.001433900606717664
1768517848859 0.001433900606717664
1768517848859 0.001433900606717664
1768517851858 0.001966329858314797
1768517851858 0.001966329858314797
1768517851858 0.001966329858314797
1768517851858 0.001966329858314797
1768517851858 0.001966329858314797
1768517851858 0.001966329858314797
1768517854864 0.0026910900226961854
1768517854864 0.0026910900226961854
1768517854864 0.0026910900226961854
1768517854864 0.0026910900226961854
1768517854864 0.0026910900226961854
1768517854864 0.0026910900226961854
1768517857857 0.003324293671403966
1768517857857 0.003324293671403966
1768517857857 0.003324293671403966
1768517857857 0.003324293671403966
1768517857857 0.003324293671403966
1768517857857 0.003324293671403966
1768517860856 0.003160659522456477
1768517860856 0.003160659522456477
1768517860856 0.003160659522456477
1768517860856 0.003160659522456477
1768517860856 0.003160659522456477
1768517860856 0.003160659522456477
1768517863860 0.0026554514875276602
1768517863860 0.0026554514875276602
1768517863860 0.0026554514875276602
1768517863860 0.0026554514875276602
1768517863860 0.0026554514875276602
1768517863860 0.0026554514875276602
1768517866857 0.002400226874891054
1768517866857 0.002400226874891054
1768517866857 0.002400226874891054
1768517866857 0.002400226874891054
1768517866857 0.002400226874891054
1768517866857 0.002400226874891054
1768517869858 0.002232854133376927
1768517869858 0.002232854133376927
1768517869858 0.002232854133376927
1768517869858 0.002232854133376927
1768517869858 0.002232854133376927
1768517869858 0.002232854133376927
1768517872858 0.0022041477718806046
1768517872858 0.0022041477718806046
1768517872858 0.0022041477718806046
1768517872858 0.0022041477718806046
1768517872858 0.0022041477718806046
1768517872858 0.0022041477718806046
1768517875864 0.002534396097952918
1768517875864 0.002534396097952918
1768517875864 0.002534396097952918
1768517875864 0.002534396097952918
1768517875864 0.002534396097952918
1768517875864 0.002534396097952918
1768517878860 0.0028582358131272745
1768517878860 0.0028582358131272745
1768517878860 0.0028582358131272745
1768517878860 0.0028582358131272745
1768517878860 0.0028582358131272745
1768517878860 0.0028582358131272745
1768517881872 0.002976151805903493
1768517881872 0.002976151805903493
1768517881872 0.002976151805903493
1768517881872 0.002976151805903493
1768517881872 0.002976151805903493
1768517881872 0.002976151805903493
1768517884866 0.0028887860486837003
1768517884866 0.0028887860486837003
1768517884866 0.0028887860486837003
1768517884866 0.0028887860486837003
1768517884866 0.0028887860486837003
1768517884866 0.0028887860486837003
1768517887866 0.0024475169936442054
1768517887866 0.0024475169936442054
1768517887866 0.0024475169936442054
1768517887866 0.0024475169936442054
1768517887866 0.0024475169936442054
1768517887866 0.0024475169936442054
1768517890856 0.001987975523340735
1768517890856 0.001987975523340735
1768517890856 0.001987975523340735
1768517890856 0.001987975523340735
1768517890856 0.001987975523340735
1768517890856 0.001987975523340735
1768517893857 0.002044878285478058
1768517893857 0.002044878285478058
1768517893857 0.002044878285478058
1768517893857 0.002044878285478058
1768517893857 0.002044878285478058
1768517893857 0.002044878285478058
1768517896859 0.0023693398647919306
1768517896859 0.0023693398647919306
1768517896859 0.0023693398647919306
1768517896859 0.0023693398647919306
1768517896859 0.0023693398647919306
1768517896859 0.0023693398647919306
1768517899865 0.0026675745907778214
1768517899865 0.0026675745907778214
1768517899865 0.0026675745907778214
1768517899865 0.0026675745907778214
1768517899865 0.0026675745907778214
1768517899865 0.0026675745907778214
1768517902858 0.0026966954258007547
1768517902858 0.0026966954258007547
1768517902858 0.0026966954258007547
1768517902858 0.0026966954258007547
1768517902858 0.0026966954258007547
1768517902858 0.0026966954258007547
1768517905857 0.002102603494473332
1768517905857 0.002102603494473332
1768517905857 0.002102603494473332
1768517905857 0.002102603494473332
1768517905857 0.002102603494473332
1768517905857 0.002102603494473332
1768517908860 0.0015134661438287456
1768517908860 0.0015134661438287456
1768517908860 0.0015134661438287456
1768517908860 0.0015134661438287456
1768517908860 0.0015134661438287456
1768517908860 0.0015134661438287456
1768517911857 0.0012980072803461251
1768517911857 0.0012980072803461251
1768517911857 0.0012980072803461251
1768517911857 0.0012980072803461251
1768517911857 0.0012980072803461251
1768517911857 0.0012980072803461251
1768517914859 0.0013041927322328117
1768517914859 0.0013041927322328117
1768517914859 0.0013041927322328117
1768517914859 0.0013041927322328117
1768517914859 0.0013041927322328117
1768517914859 0.0013041927322328117
1768517917857 0.0016318828916956907
1768517917857 0.0016318828916956907
1768517917858 0.0016318828916956907
1768517917858 0.0016318828916956907
1768517917858 0.0016318828916956907
1768517917858 0.0016318828916956907
1768517920859 0.0018458199989774826
1768517920859 0.0018458199989774826
1768517920859 0.0018458199989774826
1768517920859 0.0018458199989774826
1768517920859 0.0018458199989774826
1768517920859 0.0018458199989774826
1768517923867 0.0016640263770413277
1768517923867 0.0016640263770413277
1768517923867 0.0016640263770413277
1768517923867 0.0016640263770413277
1768517923867 0.0016640263770413277
1768517923867 0.0016640263770413277
1768517926858 0.0013382477771504142
1768517926858 0.0013382477771504142
1768517926858 0.0013382477771504142
1768517926858 0.0013382477771504142
1768517926858 0.0013382477771504142
1768517926858 0.0013382477771504142
1768517929865 0.0010298234430536901
1768517929865 0.0010298234430536901
1768517929865 0.0010298234430536901
1768517929865 0.0010298234430536901
1768517929865 0.0010298234430536901
1768517929865 0.0010298234430536901
1768517932864 0.0009285310217292952
1768517932864 0.0009285310217292952
1768517932864 0.0009285310217292952
1768517935856 0.0010298480700823287
1768517935856 0.0010298480700823287
1768517935856 0.0010298480700823287
1768517935856 0.0010298480700823287
1768517935856 0.0010298480700823287
1768517935856 0.0010298480700823287
1768517938857 0.0010820307466259393
1768517938857 0.0010820307466259393
1768517938857 0.0010820307466259393
1768517938857 0.0010820307466259393
1768517938857 0.0010820307466259393
1768517938857 0.0010820307466259393
1768517941861 0.0010422405343639696
1768517941861 0.0010422405343639696
1768517941861 0.0010422405343639696
1768517941862 0.0010422405343639696
1768517941862 0.0010422405343639696
1768517941862 0.0010422405343639696
1768517944858 0.0009200262975126439
1768517944858 0.0009200262975126439
1768517944858 0.0009200262975126439
1768517947861 0.0007294050321120515
1768517947861 0.0007294050321120515
1768517947861 0.0007294050321120515
1768517950866 0.0006254636392921675
1768517950866 0.0006254636392921675
1768517950866 0.0006254636392921675
1768517953861 0.0006705641169764132
1768517953861 0.0006705641169764132
1768517953861 0.0006705641169764132
1768517956857 0.0007722463407870972
1768517956857 0.0007722463407870972
1768517956857 0.0007722463407870972
1768517959860 0.0008147484664329241
1768517959860 0.0008147484664329241
1768517959860 0.0008147484664329241
1768517962858 0.0007617432666469082
1768517962858 0.0007617432666469082
1768517962858 0.0007617432666469082
1768517965871 0.0006942794375257577
1768517965871 0.0006942794375257577
1768517965871 0.0006942794375257577
1768517968860 0.0006397369016299947
1768517968860 0.0006397369016299947
1768517968860 0.0006397369016299947
1768517971858 0.0006155802345868544
1768517971858 0.0006155802345868544
1768517971858 0.0006155802345868544
1768517974867 0.0006219728874057306
1768517974867 0.0006219728874057306
1768517974867 0.0006219728874057306
1768517977858 0.0006552882891222023
1768517977858 0.0006552882891222023
1768517977858 0.0006552882891222023
1768517980856 0.000669278654327421
1768517980856 0.000669278654327421
1768517980856 0.000669278654327421
1768517983856 0.0006633973009160243
1768517983856 0.0006633973009160243
1768517983856 0.0006633973009160243
1768517986856 0.000637454696136075
1768517986856 0.000637454696136075
1768517986856 0.000637454696136075
1768517989857 0.0006018977934374448
1768517989857 0.0006018977934374448
1768517989857 0.0006018977934374448
1768517992857 0.000566529565672047
1768517992857 0.000566529565672047
1768517992857 0.000566529565672047
1768517995856 0.0005353816976529924
1768517995856 0.0005353816976529924
1768517995856 0.0005353816976529924
1768517998858 0.0005331588762829131
1768517998858 0.0005331588762829131
1768517998858 0.0005331588762829131
1768518001870 0.0005489602241708358
1768518001870 0.0005489602241708358
1768518001870 0.0005489602241708358
1768518004855 0.0005635895233788712
1768518004855 0.0005635895233788712
1768518004855 0.0005635895233788712
1768518007858 0.000575501044121518
1768518007858 0.000575501044121518
1768518007858 0.000575501044121518
1768518010856 0.0005737466454487361
1768518010856 0.0005737466454487361
1768518010856 0.0005737466454487361
1768518013857 0.0005734691109262613
1768518013857 0.0005734691109262613
1768518013857 0.0005734691109262613
1768518016858 0.0005880109814546675
1768518016858 0.0005880109814546675
1768518016858 0.0005880109814546675
1768518019856 0.0006042466424420745
1768518019856 0.0006042466424420745
1768518019856 0.0006042466424420745
1768518022856 0.0006155139163499523
1768518022856 0.0006155139163499523
1768518022856 0.0006155139163499523
1768518025857 0.0006070990107027718
1768518025857 0.0006070990107027718
1768518025857 0.0006070990107027718
1768518028855 0.0005941651856549157
1768518028856 0.0005941651856549157
1768518028856 0.0005941651856549157
1768518031857 0.0005913362929328425
1768518031857 0.0005913362929328425
1768518031857 0.0005913362929328425
1768518034858 0.0005927329031771844
1768518034858 0.0005927329031771844
1768518034858 0.0005927329031771844
1768518037856 0.0006036648897778107
1768518037856 0.0006036648897778107
1768518037856 0.0006036648897778107
1768518040856 0.0006168474193068985
1768518040856 0.0006168474193068985
1768518040856 0.0006168474193068985
1768518043857 0.0006109955475894768
1768518043857 0.0006109955475894768
1768518043857 0.0006109955475894768
1768518046856 0.0005988952393356506
1768518046856 0.0005988952393356506
1768518046856 0.0005988952393356506
1768518049859 0.0005896294067011532
1768518049859 0.0005896294067011532
1768518049859 0.0005896294067011532
1768518052872 0.0005848937489092432
1768518052872 0.0005848937489092432
1768518052872 0.0005848937489092432
1768518055858 0.0005894342002794595
1768518055858 0.0005894342002794595
1768518055858 0.0005894342002794595
1768518058856 0.0005933855598800886
1768518058856 0.0005933855598800886
1768518058857 0.0005933855598800886
1768518061857 0.0005953554135682548
1768518061857 0.0005953554135682548
1768518061857 0.0005953554135682548
1768518064857 0.0005985484008150799
1768518064857 0.0005985484008150799
1768518064857 0.0005985484008150799
1768518067861 0.0005995256248840786
1768518067861 0.0005995256248840786
1768518067861 0.0005995256248840786
1768518070855 0.0006006412549317552
1768518070855 0.0006006412549317552
1768518070855 0.0006006412549317552
1768518073856 0.0006014989884386424
1768518073856 0.0006014989884386424
1768518073856 0.0006014989884386424
1768518076874 0.0006004112015363106
1768518076874 0.0006004112015363106
1768518076874 0.0006004112015363106
1768518079860 0.0006011843283451057
1768518079860 0.0006011843283451057
1768518079860 0.0006011843283451057
1768518082860 0.0006023639720966756
1768518082860 0.0006023639720966756
1768518082860 0.0006023639720966756
1768518085855 0.0006043944145455171
1768518085855 0.0006043944145455171
1768518085855 0.0006043944145455171
1768518088856 0.0006064442890687527
1768518088856 0.0006064442890687527
1768518088856 0.0006064442890687527
1768518091856 0.0006059188254072811
1768518091856 0.0006059188254072811
1768518091856 0.0006059188254072811
1768518094856 0.0006051936424933402
1768518094856 0.0006051936424933402
1768518094856 0.0006051936424933402
1768518097857 0.0006060822857432147
1768518097858 0.0006060822857432147
1768518097858 0.0006060822857432147
1768518100857 0.000607587550112143
1768518100857 0.000607587550112143
1768518100857 0.000607587550112143
1768518103858 0.0006094833200673833
1768518103858 0.0006094833200673833
1768518103858 0.0006094833200673833
1768518106873 0.0006090777445773021
1768518106873 0.0006090777445773021
1768518106873 0.0006090777445773021
1768518109855 0.0006056937330289891
1768518109855 0.0006056937330289891
1768518109855 0.0006056937330289891
1768518112855 0.0006028983161945334
1768518112855 0.0006028983161945334
1768518112855 0.0006028983161945334
1768518115856 0.0006016114329567834
1768518115856 0.0006016114329567834
1768518115856 0.0006016114329567834
1768518118855 0.000602020484252952
1768518118855 0.000602020484252952
1768518118855 0.000602020484252952
1768518121855 0.0006039311554626448
1768518121855 0.0006039311554626448
1768518121855 0.0006039311554626448
1768518124856 0.0006054373528832091
1768518124856 0.0006054373528832091
1768518124856 0.0006054373528832091
1768518127856 0.000605755508355621
1768518127856 0.000605755508355621
1768518127856 0.000605755508355621
1768518130856 0.0006052498228168446
1768518130856 0.0006052498228168446
1768518130856 0.0006052498228168446
1768518133857 0.0006045045004707816
1768518133857 0.0006045045004707816
1768518133857 0.0006045045004707816
1768518136856 0.0006049613794689712
1768518136856 0.0006049613794689712
1768518136856 0.0006049613794689712
1768518139855 0.0006061539513904091
1768518139855 0.0006061539513904091
1768518139855 0.0006061539513904091
1768518142856 0.0006074689663313482
1768518142856 0.0006074689663313482
1768518142856 0.0006074689663313482
1768518145861 0.0006085457253226512
1768518145861 0.0006085457253226512
1768518145861 0.0006085457253226512
1768518148855 0.0006088721254897678
1768518148855 0.0006088721254897678
1768518148855 0.0006088721254897678
1768518151855 0.0006088721254897678
1768518151855 0.0006088721254897678
1768518151855 0.0006088721254897678
1768518154856 0.0006088721254897678
1768518154856 0.0006088721254897678
1768518154856 0.0006088721254897678
1768518157855 0.0006088721254897678
1768518157855 0.0006088721254897678
1768518157855 0.0006088721254897678
1768518160856 0.0006088721254897678
1768518160856 0.0006088721254897678
1768518160856 0.0006088721254897678
1768518163855 0.0006088721254897678
1768518163855 0.0006088721254897678
1768518163855 0.0006088721254897678
1768518166857 0.0006088721254897678
1768518166857 0.0006088721254897678
1768518166857 0.0006088721254897678
1768518169855 0.0006088721254897678
1768518169855 0.0006088721254897678
1768518169855 0.0006088721254897678
1768518172855 0.0006088721254897678
1768518172855 0.0006088721254897678
1768518172855 0.0006088721254897678
1768518175856 0.0006088721254897678
1768518175856 0.0006088721254897678
1768518175856 0.0006088721254897678
1768518178860 0.0006088721254897678
1768518178860 0.0006088721254897678
1768518178860 0.0006088721254897678
1768518181855 0.0006088721254897678
1768518181855 0.0006088721254897678
1768518181855 0.0006088721254897678
1768518184855 0.0006088721254897678
1768518184855 0.0006088721254897678
1768518184855 0.0006088721254897678
1768518187855 0.0006088721254897678
1768518187855 0.0006088721254897678
1768518187855 0.0006088721254897678
1768518190857 0.0006088721254897678
1768518190857 0.0006088721254897678
1768518190857 0.0006088721254897678
1768518193868 0.0006088721254897678
1768518193868 0.0006088721254897678
1768518193868 0.0006088721254897678
1768518196855 0.0006088721254897678
1768518196855 0.0006088721254897678
1768518196855 0.0006088721254897678
1768518199855 0.0006088721254897678
1768518199855 0.0006088721254897678
1768518199855 0.0006088721254897678
1768518202855 0.0006088721254897678
1768518202855 0.0006088721254897678
1768518202855 0.0006088721254897678
1768518205857 0.0006088721254897678
1768518205857 0.0006088721254897678
1768518205857 0.0006088721254897678
1768518208855 0.0006088721254897678
1768518208855 0.0006088721254897678
1768518208855 0.0006088721254897678
1768518211855 0.0006088721254897678
1768518211855 0.0006088721254897678
1768518211855 0.0006088721254897678
1768518214856 0.0006088721254897678
1768518214856 0.0006088721254897678
1768518214856 0.0006088721254897678
1768518217856 0.0006088721254897678
1768518217856 0.0006088721254897678
1768518217856 0.0006088721254897678
1768518220860 0.0006088721254897678
1768518220860 0.0006088721254897678
1768518220860 0.0006088721254897678
1768518223855 0.0006088721254897678
1768518223855 0.0006088721254897678
1768518223855 0.0006088721254897678
1768518226855 0.0006088721254897678
1768518226855 0.0006088721254897678
1768518226855 0.0006088721254897678
1768518229856 0.0006088721254897678
1768518229856 0.0006088721254897678
1768518229856 0.0006088721254897678
1768518232856 0.0006088721254897678
1768518232856 0.0006088721254897678
1768518232856 0.0006088721254897678
1768518235855 0.0006088721254897678
1768518235855 0.0006088721254897678
1768518235855 0.0006088721254897678
1768518238856 0.0006088721254897678
1768518238856 0.0006088721254897678
1768518238856 0.0006088721254897678
1768518241856 0.0006088721254897678
1768518241856 0.0006088721254897678
1768518241856 0.0006088721254897678
1768518244856 0.0006088721254897678
1768518244856 0.0006088721254897678
1768518244856 0.0006088721254897678
1768518247855 0.0006088721254897678
1768518247855 0.0006088721254897678
1768518247855 0.0006088721254897678
1768518250855 0.0006088721254897678
1768518250855 0.0006088721254897678
1768518250855 0.0006088721254897678
1768518253855 0.0006088721254897678
1768518253855 0.0006088721254897678
1768518253855 0.0006088721254897678
1768518256857 0.0006088721254897678
1768518256857 0.0006088721254897678
1768518256857 0.0006088721254897678
1768518259855 0.0006088721254897678
1768518259856 0.0006088721254897678
1768518259856 0.0006088721254897678
1768518262855 0.0006088721254897678
1768518262856 0.0006088721254897678
1768518262856 0.0006088721254897678
1768518265856 0.0006088721254897678
1768518265856 0.0006088721254897678
1768518265856 0.0006088721254897678
1768518268856 0.0006088721254897678
1768518268856 0.0006088721254897678
1768518268856 0.0006088721254897678
1768518271855 0.0006088721254897678
1768518271855 0.0006088721254897678
1768518271855 0.0006088721254897678
1768518274856 0.0006088721254897678
1768518274856 0.0006088721254897678
1768518274856 0.0006088721254897678

